feature 1	feature 2	label
-8.46474566749125	-3.4551712306838724	1.0
-9.932338527273243	-2.3195522765811964	1.0
-9.308330949000121	-1.9725388001759476	1.0
-4.746683077661641	0.7201100470593967	2.0
-10.220761178876565	-3.935043950257344	1.0
-8.186766939593609	-4.069276056689413	4.0
-9.789368648928377	-5.185189474303094	4.0
-9.062207453338333	-2.4367067341350994	1.0
-3.572952863395175	-5.939730700076259	3.0
-2.8846711997995005	-0.9130229118005555	2.0
-4.2783996733110605	-4.170169802327127	3.0
8.588006426269569	-8.060170197279753	0.0
-6.310060361676605	-5.075349040374748	4.0
-2.7217020111455	-4.446112664788474	3.0
-9.385017292422317	-1.941578155541372	1.0
6.788272583335844	-4.753058230240583	0.0
-9.200064597833306	-3.904622511089466	4.0
-8.420623457766602	-3.8663918399902126	4.0
-3.494047965974741	1.6142075837295273	2.0
-3.2216781095605946	0.40477511887686635	2.0
-7.918534673379097	-4.071842802469581	1.0
-7.105617015251151	-5.480838701325617	4.0
-7.956426269616752	-4.622106623206675	4.0
-9.040034250227814	-2.754952658526462	1.0
7.1529683986979755	-6.2494774714078405	0.0
-7.955677872667829	-3.0051092629870517	1.0
-7.3998965592710215	-4.450774350110178	4.0
7.428602593934569	-6.247964970612402	0.0
5.729287780995291	-6.164616777019558	0.0
-4.184357516766169	-4.851364384307457	3.0
-8.155209687582868	-3.755009556773008	1.0
-3.268326679784585	-3.8005336697700436	3.0
-3.361554102067836	-0.4050939978208401	2.0
-5.007093306833447	-4.379686307734135	3.0
-3.6671960500596366	0.9754292102868202	2.0
6.360881824379177	-6.821065769616279	0.0
5.848471484929072	-5.250957655527016	0.0
6.41137550800813	-5.822690811424062	0.0
-2.7078211941271118	-4.509281083814764	3.0
-8.522865306545906	-5.444910465350092	1.0
-8.690429710121107	-2.4345296881200134	1.0
-3.875768021449491	-0.5185495393954709	2.0
-5.1372107474061615	0.14564099625171556	2.0
-11.643484308109908	-2.8213043459259213	1.0
-6.328977756507893	1.372109702914833	2.0
-4.0833387837924615	1.2671992470258515	2.0
-4.264009880267053	0.7237196733263116	2.0
-7.954602760005929	-5.29588500255644	4.0
-5.802188355354334	1.4254888422685066	2.0
-8.394935723795186	-5.810582493927523	4.0
-5.146809921379843	-4.31279285339794	3.0
7.3168084275022	-6.338656157553225	0.0
-4.9841488323915035	0.011456290579565542	2.0
7.533406391334219	-6.796852180652066	0.0
7.331399989660262	-3.979231586956513	0.0
6.655200596514973	-7.876719247017914	0.0
7.681426644111889	-5.997323939268279	0.0
-8.13797045866119	-3.0837391379627204	1.0
-6.40559917170836	-6.813075537742988	4.0
-8.678387847540439	-2.3549775644840096	1.0
5.406868398548949	-6.741917014067734	0.0
-4.259498980490977	0.8944908247810336	2.0
-5.423535904354548	-0.5609997167190073	2.0
6.19374498761278	-6.6724021986193565	0.0
6.541099629452242	-5.2040761860566995	0.0
6.868484565665489	-5.288458294288638	0.0
-8.060656575071285	-4.606440723576881	4.0
7.227802830646007	-7.90393044011745	0.0
-7.07910111927432	-7.111526505658764	4.0
7.1448413364181045	-6.3286000559706705	0.0
-3.837253726181046	-4.078276622941312	3.0
-3.4016411302894927	-4.328966661043057	3.0
-7.5516719790064535	-1.1208853053172514	1.0
-7.646688134007957	-4.35845092768349	4.0
-6.846209168832455	-3.9650148373578893	1.0
-3.472407252733206	2.294177357448635	2.0
7.493353657403601	-5.980726831900065	0.0
-7.369592484146036	-4.264996272125387	1.0
-8.512568697374824	-5.913705892192858	4.0
-4.549040019722722	-2.777196161583835	3.0
6.720018113150347	-5.1505668284254895	0.0
-10.733944175981877	-6.025486102695826	4.0
-2.2329689677803217	-3.924297831675532	3.0
-8.38369586582255	-1.7326747501600388	1.0
-3.620974786543492	0.15055389900730015	2.0
-3.964293307304043	-2.184304819111709	3.0
6.39016365972578	-7.187711612547964	0.0
-3.4477709886138177	-2.3506282414671906	3.0
5.550889865630029	-7.69736156084682	0.0
8.871173794929314	-7.790180938410463	0.0
-3.2723727196880894	-2.567393558473018	3.0
8.142936331970859	-5.686614326385591	0.0
-9.350627024547672	-4.379411536618712	4.0
-3.580263886081732	-0.5669020977871493	2.0
-7.5451563909751584	-6.494405950413748	4.0
8.140569762194957	-6.251461723561711	0.0
-3.7875625627791747	-3.790331267225608	3.0
-4.480179925143397	1.1505153129093233	2.0
-8.471104478983323	-5.494662355042021	4.0
-8.073814514106203	-4.468838104320255	4.0
-7.968161474749831	-4.142466896797082	1.0
6.500629397957067	-6.093698507462696	0.0
6.846279656748589	-4.062457928892476	0.0
-4.560480773530689	-0.19524880354417384	2.0
8.957531447340067	-6.691953808683499	0.0
-2.175693438964707	-2.809966349464944	3.0
-8.73235951659046	-5.165265126101917	4.0
-4.6921634210544605	-3.0697011712869635	3.0
5.349907193849879	-6.736106774358015	0.0
-8.912072857963887	-3.529333356046763	1.0
-6.7848035782867875	-3.827398974636911	1.0
-4.45769454548423	-4.715985114858874	3.0
-3.0186975815307617	-3.9084370017545225	3.0
-5.5788823923453	-4.349329157778462	3.0
-8.082469717629314	-5.031226916798227	1.0
-3.5988652979585596	-5.210181955282739	3.0
-4.475115197574474	-3.8028185222096935	3.0
-4.604374483109702	-5.436237707456289	4.0
-2.6843711113672097	-4.1425813802369955	3.0
-9.141964809282179	-2.768383485919292	1.0
-4.042339332564419	-3.7760367637153487	3.0
-4.3346578704971375	-3.1606065620280757	3.0
-3.3970302780346264	0.18068223923596616	2.0
-8.133218093182373	-2.177738711886534	1.0
-5.425906369353676	-4.338377052986499	3.0
7.895028240906251	-7.335650625460314	0.0
-9.924523111757482	-2.258094286623168	1.0
-9.599244155149542	-6.211486526436525	4.0
-9.171102270919723	-6.636082950577177	4.0
-8.798593802738287	-4.49477205296532	4.0
-3.4505337341845	-3.3627847682772183	3.0
-5.3088560047413695	-4.794536714184594	3.0
-4.558825764185872	1.0765017128794219	2.0
-9.977183194216389	-4.196194201927673	1.0
-7.937329819101895	-3.0146624951738477	1.0
-2.6119454520283103	-4.219760173023709	3.0
-8.005137230111352	-3.5780506767413964	1.0
7.657981149714962	-6.407201400249373	0.0
-8.05964916463526	-4.530064852625065	4.0
6.260813384062449	-7.268948930928122	0.0
-6.972447245980142	-0.35555487030830957	2.0
-5.819367845032735	-5.23215281907648	4.0
-4.0933621879400555	-4.202990459639718	3.0
-8.961068271727873	-3.960145974708653	4.0
-9.758155654050709	-2.4392192602570306	1.0
-5.278724039880407	2.938124954347765	2.0
-2.3967404838585145	-3.2573458990622477	3.0
-9.011824364578043	-2.121078660742637	1.0
-4.838994665089101	-3.813878079932035	3.0
-9.1467178831693	-4.600774730828006	4.0
-8.0046603822176	-4.675178888000474	4.0
-4.3660548272755	1.702386274155693	2.0
-6.8027993804236395	-4.127256399771405	4.0
-9.618477480105758	-4.539321149552316	4.0
-7.669888837042219	-2.9335853825963474	1.0
-7.023319287576036	-3.012292917165604	4.0
-7.844359607006511	-4.792109038833503	4.0
-7.7880596816977565	-3.6791924021897175	4.0
-10.294676560980319	-4.441563129228255	1.0
-4.51733843473776	-0.7391643838199276	2.0
-8.445811111740607	-1.833941193824166	1.0
-5.338970230632051	-4.445862342859896	3.0
7.081665133808751	-6.262067298452892	0.0
-5.074170023468629	1.5338001078017198	2.0
-8.942015545893018	-1.1012389535723275	1.0
6.574177791001008	-6.976370057545431	0.0
-1.901814913960894	-3.2189947461202006	3.0
-4.54465756946143	-5.907527777833524	3.0
5.9745888849402125	-3.7506039254004806	0.0
-9.175777701421731	-4.8780370971859845	4.0
-8.257659373789693	-3.2269017914314597	1.0
-8.169098776866534	-6.322077760116049	4.0
-3.6355596142195776	0.8661784792372336	2.0
-4.860833134634536	2.8423790037922725	2.0
7.210141311064155	-4.8804878305808	0.0
5.747619949819237	-6.041077507643216	0.0
8.624739911061988	-5.436478400587912	0.0
-7.6885375887216	-3.6359744265510527	4.0
-5.961742190071088	-1.9688729558623184	3.0
-9.601849321621161	-1.9055873368316107	1.0
-3.971299547425195	-4.333322574483643	3.0
-9.031808379642028	-1.6580510560965072	1.0
-8.413658021726024	-1.6634632679599692	1.0
-10.21133405660931	-2.5260135349110615	1.0
-7.357425945319798	-5.021639065676417	4.0
-7.357136410728241	-3.583634584967961	1.0
-4.285731881868384	0.7065669473304789	2.0
6.053668563551619	-7.324043549932732	0.0
6.8885743131732315	-7.404199341909971	0.0
-1.3398889528700324	-3.9367830110524253	3.0
6.128924490298875	-5.014753307886408	0.0
-4.697322449293535	-4.080571046146575	3.0
-8.136654424997618	-4.509777726616223	1.0
-5.9032197781318	2.7150006957233237	2.0
-4.700748971523819	-3.36409221927505	3.0
-2.9096075572203612	-2.4036392095349495	3.0
6.370694805809672	-5.440505547233529	0.0
-6.870652864322418	-5.088001557449402	4.0
-9.180960934618685	-1.8026961728527737	1.0
-3.811983706556924	-4.185809484404476	3.0
6.149658733404606	-5.238247272044022	0.0
6.565646087180612	-7.140924285459938	0.0
-7.100927142278095	-5.066062817247301	4.0
-3.8255455247167767	0.2447095688665913	2.0
-5.007192230557694	1.4231104185054795	2.0
-9.457862239368206	-3.075787610678798	1.0
-7.300930051008282	-4.696487545586835	4.0
-4.799284932189186	-4.024428778949626	3.0
4.521595333907291	-5.660734188094153	0.0
-8.886167305569009	-4.406660210885977	1.0
-5.288206491168369	-5.1521101019569375	3.0
7.056709315090885	-5.3769770812405655	0.0
-8.478939004450066	-4.447939450646791	4.0
-3.600570563401215	0.5836052970909421	2.0
-7.081633988977605	-4.096111174268002	4.0
-6.826387542694703	-4.774962494852893	4.0
-3.899003168883723	2.236520146959603	2.0
-7.442311162096722	-4.80565065678089	4.0
-10.389885960993146	-1.074507737427524	1.0
6.981422684113316	-5.742007666267875	0.0
-6.990211115336569	-6.961598120648289	4.0
-11.138331786368441	-3.291820336292317	1.0
-7.237330243417238	-3.082391923833884	1.0
-7.358589446598479	-4.947115544019071	4.0
-7.390674128518985	-5.998945027188913	4.0
-5.695488646717605	0.01479311409096462	2.0
-4.968380795737874	-5.38107908209834	3.0
-2.218442574005286	0.17961202015197741	2.0
-5.974803843773548	-0.3299736346883274	2.0
-11.36883059612785	-1.5411569031210413	1.0
-3.9453534672059978	-3.666786946037412	3.0
-8.995110092013169	-3.733817022023477	1.0
7.655987983975586	-6.999650073753654	0.0
-7.133946069889324	-5.89672871442753	4.0
-10.5653872780192	-3.2914254113596497	1.0
-7.726294843132417	-2.1587144447015256	1.0
-8.766801096278954	-3.4042454965405544	1.0
-2.4395342541410416	-4.434508229495975	3.0
6.1401923466138975	-6.505809382043211	0.0
-7.469264265475067	-4.712328283830869	4.0
7.831089604651177	-7.235106110888248	0.0
-6.456298052251323	1.3884374640135864	2.0
-8.071263714096014	-3.0532383047975054	1.0
-10.470791846861243	-3.105281199760083	1.0
-8.063212219764358	-6.052827411121663	4.0
5.969029900122681	-6.840721910374221	0.0
-10.306638298000925	-4.177396543482094	1.0
-3.4475506363047295	-2.518742731391531	3.0
6.651413927783442	-6.476393099141501	0.0
-7.972686885249321	-5.659220515545986	4.0
-7.977408803996205	-3.862386294257588	4.0
-6.494333839639304	-3.8991578225091077	4.0
-8.52538864404248	-1.9742386961645186	1.0
-8.481588610455699	-3.326098897849716	1.0
6.9394284768730286	-9.133795555343546	0.0
-8.962767957376837	-2.931331970059055	1.0
-3.5624975830257286	0.5473629934910569	2.0
7.121545785497961	-7.0451331137121995	0.0
5.879944457035728	-5.694172032031062	0.0
-5.197737897634205	-3.8400420532169814	3.0
7.027037341179563	-7.9686000788757685	0.0
-7.108398777580116	-4.79463243697354	1.0
-2.390401464374782	-3.793032339224067	3.0
-5.539682406990344	-4.538934330555638	3.0
-5.392070585115573	-2.0052498119068027	2.0
-8.069949426922223	-3.675885859442947	1.0
8.170789093657365	-7.472914029533303	0.0
5.940107659805469	-4.910724069449049	0.0
-8.431574291745584	-3.2785958713676435	1.0
-6.192350046407894	-5.7971749888380435	4.0
-7.75938405154133	-2.6875209173156938	1.0
6.771571592769169	-6.23804992736674	0.0
-7.931583304865266	-3.9850142788790075	1.0
-4.785151946868045	1.8093253649142687	2.0
6.349704352354823	-6.621962635416308	0.0
-5.742507386153667	-1.2290107412245042	2.0
7.562332150867483	-8.15787026122444	0.0
-7.705633843733755	-1.6134017374441316	1.0
-3.2004831860057243	-3.3566241285974203	3.0
-8.678038547757463	-4.897027222038904	4.0
-9.510861506554567	-2.4809233894238756	1.0
-10.290915975078851	-3.8584067934119846	1.0
-2.544122561931152	-4.814861009895356	3.0
-4.058558816335124	-3.0807588480705554	3.0
-2.4770153165540645	-5.645348656104261	3.0
-5.054809532464931	1.5621790273284235	2.0
-5.94182847569097	-0.24567580925628774	2.0
-7.551981946509211	0.19942099519816203	1.0
8.524482105851764	-8.119956840868667	0.0
-5.1693639026405895	-0.055063909752190665	2.0
7.746911013318567	-6.823656970255132	0.0
8.954626313844756	-6.202393469777134	0.0
-7.458857319606093	-5.408544333741968	4.0
-8.45455262184845	-5.5662520023000654	4.0
-4.818526514774423	1.1350052361361787	2.0
-3.864861426283681	-5.442226587775643	3.0
-9.142399697622002	-1.2514395262385993	1.0
-4.638566591476111	0.5665860709377347	2.0
-4.51728959969542	0.2487608136969049	2.0
-3.809614720474607	0.058349676104685555	2.0
-9.01648430702418	-3.3170960179959317	1.0
-10.221531291221524	-2.7095305225339685	1.0
-4.395210870872464	-2.992365716981587	3.0
5.382052101674592	-9.888341222737768	0.0
-3.6888946518675936	-3.7108216357077053	3.0
-5.71568235259275	-0.5243246783464848	2.0
-9.91738947885945	-3.5456928728500325	1.0
8.50423403838329	-6.622453042751904	0.0
-4.257739677539258	2.65034512869681	2.0
8.226317571210519	-5.662319667240107	0.0
-3.718732839512456	-1.8285743057291377	3.0
6.623561319681352	-7.76160432893504	0.0
-5.835987222606743	0.7837208109182445	2.0
6.298493256641359	-7.250352441431698	0.0
6.413224012379388	-7.635089695873019	0.0
-8.837723568877394	-2.711528189041432	1.0
-5.57099221208364	-0.4293074720806098	2.0
-9.09709981661316	-4.218105230202356	4.0
-3.8482767924235213	1.920375892753467	2.0
6.703848168330616	-5.005307020613507	0.0
-2.97678009442553	-3.2683831946318627	3.0
-4.8772671964556675	-4.609356918444609	3.0
-8.28518811633877	-4.4034575277082295	4.0
-5.312770260361988	0.45409913073554764	2.0
-4.191251374237871	0.6976239084697902	2.0
-7.061226057628085	-2.947018435747478	3.0
-8.854465480771587	-2.978251870434606	1.0
-8.517591035014409	-2.0939841727858903	1.0
-8.27586426573004	-3.1569608419025745	1.0
-9.146410866181895	-3.493456934377608	1.0
-7.25602767872955	-5.589303169637496	4.0
7.7675095208834835	-5.783329705073407	0.0
-4.682292070526211	-4.57321738249574	3.0
-2.2758684774462776	-3.4116857634526996	3.0
-8.465261525505252	-3.4117775685562695	1.0
-4.762538515715038	1.1023213207971132	2.0
-5.85551226444416	-0.41196927156484064	2.0
-4.06139334656138	1.6156178196042184	2.0
-5.281950508871077	1.647294369969249	2.0
-5.7181750221505325	0.3423290007740453	2.0
-9.683753600921149	-3.551910549351644	1.0
-6.186617971097434	1.1438594161714772	2.0
-2.9037808184669758	1.0983930854970414	2.0
-3.5032388814092528	-2.68338761365094	3.0
6.130170055188237	-5.007589553413737	0.0
-2.8544087516725245	2.266986179383372	2.0
8.13092815888524	-5.940279106041968	0.0
-7.998793344314697	-5.427867913126401	4.0
8.111475323197379	-4.348335466389123	0.0
-8.112520442651158	-1.978623752478293	1.0
-3.94564475234034	1.1959999723580559	2.0
-4.763191990293736	0.7862918196432013	2.0
7.4820118089940255	-7.364970072509303	0.0
-9.724270727494174	-4.422957149191205	4.0
-3.5244390339671288	-4.619684518923413	3.0
-4.874994317375449	-2.868449251280807	3.0
6.60601459505627	-7.933687828853692	0.0
7.859268908585645	-5.898290952432178	0.0
-2.4970538484952725	-4.737504232189382	3.0
-3.4539731330845953	0.527663376078084	2.0
-7.260745521724372	-0.8269635111075744	1.0
-7.865810788311897	-3.329977620563379	4.0
-4.847354704329825	-5.1548274824853255	3.0
-10.553454434568208	-3.7452938008646894	1.0
-4.214085744787178	0.2210207428182962	2.0
-8.574685518745861	-4.577050914189163	4.0
-4.534208998565285	1.5001489003315756	2.0
-5.911083474261268	1.2341657500627774	2.0
-7.018070166954797	-3.929404608611949	4.0
7.898168837807388	-7.141500262726105	0.0
5.878146759333657	-6.167381603684704	0.0
-8.807986105639502	-5.9958961723641435	4.0
-4.968879181259277	-0.24685016115068836	2.0
-8.045427691433845	-5.555342703047799	4.0
-4.326045431343343	-0.6818296130171047	2.0
6.18721210786898	-4.248450729629283	0.0
-7.48191883624906	-4.438604925678637	4.0
-3.925421864639416	-5.168864550105705	3.0
4.923647451601582	-6.426367476414896	0.0
-5.704589124825468	-0.05108560338799695	2.0
-3.4969584035586765	-4.033000987879106	3.0
-4.153794090187177	-3.1964202961314934	3.0
-6.381052945755195	-6.416198015407501	4.0
-7.2451680641687535	-5.427149144630566	4.0
-9.38422867812535	-2.108753114432501	1.0
-8.08170995156718	-2.4469297328883215	1.0
-3.9527496139590115	-4.002886501313801	3.0
-3.9652049072652487	-0.06189663005378321	2.0
-6.8013567466441325	2.888924699034901	2.0
-4.217151186913075	-0.3414041793218924	2.0
-5.845252952708294	-2.4230955203528777	2.0
6.787681359110292	-5.825494854792193	0.0
6.079740630293931	-5.5388163234372385	0.0
7.479137385846535	-5.275678416235766	0.0
-5.472870321179221	-0.6797482134018944	2.0
-4.856778902944405	2.531867458127563	2.0
-4.5122073922513755	-3.9833209267071816	3.0
-8.545548455516535	-2.8512434633227226	1.0
4.992433076826787	-6.256752791985713	0.0
-3.428799260725826	-5.0656766805343025	3.0
-4.396242960576964	0.020557695374838536	2.0
-3.1623344509710107	2.1620166673638757	2.0
-8.977489806957305	-3.4767624530810757	1.0
-7.923287445026401	-3.8687587051528425	4.0
-2.342033987039784	-6.431829287425376	3.0
-8.30852168636302	-3.8116509140356474	1.0
-10.54541680448819	-4.250396380062619	1.0
-2.4875873035003213	-3.345640779028945	3.0
-6.517886014139817	1.0981380366105606	2.0
-9.551160534512166	-2.48162589925709	1.0
-5.634557168407803	-5.308276027239184	3.0
-5.414188744879766	-6.526408283488221	3.0
-11.304023630952008	-1.7917545951774339	1.0
-4.1906883606672825	2.2409071818377115	2.0
-4.1731226070184	-2.218086945196415	3.0
6.813417640160443	-4.821866999147046	0.0
-4.520992540616608	0.08368221792436203	2.0
6.891482342569157	-6.0266916566760935	0.0
-3.140465147953273	-3.61019660987685	3.0
-7.110877913192514	-6.493136537171535	4.0
-5.672802442459339	-2.4615985792800985	3.0
-3.86154727352588	-3.390250760989874	3.0
6.707098229935224	-7.6672166100005015	0.0
-3.4283797755279757	-3.9499361627194585	3.0
-8.477743699835735	-1.940138986693316	1.0
-8.748779101808125	-5.30202360278158	4.0
-3.594778769565355	1.4830232670056902	2.0
-4.4432538680758	0.565719588914415	2.0
6.557127772424186	-5.131567629072896	0.0
-9.812885249723891	-3.9398451120802473	1.0
7.021916680008289	-5.6660483855713295	0.0
-7.407779575866287	-7.923462695635385	4.0
-7.477490314321691	-6.458607857214128	4.0
7.106325910207322	-6.528915287448155	0.0
-4.325508348240419	0.08473988056300041	2.0
-5.630131644234308	0.6342075675349965	2.0
7.473908834650252	-6.826583700603111	0.0
-3.6628211680074	-4.386370544162427	3.0
-5.986150579573947	-0.4826793595018102	2.0
-7.421330662431459	-6.467621942083712	4.0
-9.340069103407231	-3.1084327954303532	1.0
6.657789991589275	-7.602911947811369	0.0
5.809172059384269	-4.9971846717488155	0.0
-5.898514827498909	0.16957956803207913	2.0
-7.485401660381171	-2.64612287247593	4.0
7.482424039712295	-7.145685945807827	0.0
-8.222027331999856	-3.895961057985894	4.0
-4.542725602550687	-2.295631826470742	3.0
-9.10980533703171	-2.4927274335111296	1.0
-5.035687433673942	-0.4778647517247163	2.0
-5.273737167775428	0.5473191931561088	2.0
-8.896716665372999	-1.1131977189547981	1.0
-9.238433744612934	-2.8652828345923473	1.0
-10.224430043180465	-2.028710024236488	1.0
-7.261608466781329	-5.688012058917815	4.0
-2.653973929708391	1.4954514327422292	2.0
-4.696678694513961	-3.4371503950673703	3.0
-9.809290490168376	-1.8147643752397986	1.0
-9.341485788905079	-2.7227368635984304	1.0
-5.937775566530888	-3.502891237624268	4.0
-3.3054878517045685	-3.389446917415675	3.0
-3.668114857784541	-4.513071066030371	3.0
-8.888507976638083	-2.783329019473072	1.0
-7.120032210786364	-6.208573981880824	4.0
-4.412217253166167	-2.668908065353478	3.0
7.203617972969926	-6.911816212453884	0.0
-3.8703718160559246	1.7209228676155943	2.0
-8.845741942936804	-4.671901686994572	4.0
-9.576842450922292	-2.3120370018478646	1.0
6.344560989457374	-6.135714898393468	0.0
-5.311428086669983	-0.05783600800898059	2.0
8.585574025132322	-7.396978864894242	0.0
-5.221316896118609	0.14026323618733616	2.0
-7.406902501126099	-3.3402284107009192	4.0
-9.394923557779363	-1.282105813690749	1.0
7.80220729658665	-6.74982864657904	0.0
-5.36157576775031	0.4706966562174951	2.0
-10.512792513382884	-2.246354391556899	1.0
7.057332348149192	-6.840022215142052	0.0
-4.846277407488325	0.6968341084001863	2.0
-3.3719116878401865	-5.01263081977546	3.0
-5.609578692562669	-7.069741699337738	4.0
-3.8138757240556496	-3.73095953622982	3.0
-11.089665946384866	-3.0400590865009653	1.0
-9.743269477356549	-4.644498566427818	1.0
-3.757529932168428	2.485330433086512	2.0
4.441571528336887	-6.873733897703983	0.0
-4.083708016573769	1.057716187514019	2.0
-6.000419586715491	-3.480534871228292	1.0
-8.885935082094127	-5.923269351995787	4.0
-6.308035257887279	-4.6316689262928925	4.0
-4.659070283082701	1.7969942862083341	2.0
-8.608643176658509	-2.9291393397390717	1.0
-6.500663700609508	-4.291577324729264	4.0
-2.943971750469693	-0.41042754346523336	2.0
-4.64476768828383	-3.0669052681051814	3.0
-5.341340412533659	-7.066492933616077	4.0
-3.337334563412846	-0.7968625351588758	2.0
-2.8452527605126647	-3.9842090386873266	3.0
6.058019616824589	-7.568457339939966	0.0
-6.4926216120516305	-6.4940840936327175	4.0
7.428158302641341	-6.093581917274929	0.0
-7.495296206117522	-4.911420825879239	4.0
-10.350575414513447	-4.222418742222817	1.0
-5.816430738656225	0.6489717803005546	2.0
-3.6575782980468894	-5.792152670969827	3.0
-9.24268211664114	-3.051039159784888	1.0
-7.957133821012387	-2.7371975127993826	4.0
-6.3206263232477395	-3.0724561981609253	1.0
-7.924919951304738	-4.861131725035853	4.0
-5.569087084758322	0.17313400759508502	2.0
-4.954807033751563	0.15430059649013173	2.0
-7.330047581316093	-4.00185103921971	4.0
-3.5073372690743176	-3.0835992514908623	3.0
-3.3414583750231506	1.4878265072768324	2.0
6.785048559353561	-5.134823968210604	0.0
-8.905959810106037	-4.022721077177016	1.0
-3.7705971941903886	0.041957686750440204	2.0
-5.485648015004158	2.6516190358421845	2.0
-5.118069901485668	1.671745608454491	2.0
-4.538876390913265	-2.7955743463646865	3.0
-7.632674290932227	-1.5955652195730818	1.0
-9.70186895112817	-7.151968001369899	4.0
-9.758636547098272	-2.7405569410770436	1.0
-3.2259891642562306	-0.11665027409643336	2.0
-7.099056571018425	-7.695434113019989	4.0
-5.902304185636011	0.9340557330003503	2.0
-7.917183132200043	-4.127056388404339	1.0
-4.318565069835323	-2.8315176138425215	3.0
6.825048482579047	-6.153263414103133	0.0
-2.9183481882824713	-0.3619216960888858	2.0
-2.984174264530753	-3.2637458606479886	3.0
-3.5867915638090166	-3.80473608098763	3.0
5.940521753772525	-5.811466668371343	0.0
-8.33481078056502	-3.7781166698787594	4.0
5.939060502162918	-5.948338989732264	0.0
-5.135233930299215	1.9904233697015947	2.0
-5.647661093665425	-1.2559807850835143	2.0
-3.683886987535232	-0.6553703849048991	2.0
-7.851832840339108	-3.3134421723154217	1.0
6.477922705296263	-6.563385426538738	0.0
-8.055343226947384	-2.812548791906097	1.0
5.508135813093064	-7.161252799700852	0.0
7.557200157704184	-9.243873551818817	0.0
8.115793969615574	-6.0336688804239005	0.0
-9.868309822929803	-0.9411523897113965	1.0
-3.476558375330249	-4.768657984558831	3.0
-7.467439654975749	2.7114081305256144	2.0
-5.893564398632202	-5.5871781362943524	4.0
-8.087980829485623	-6.452464669108106	4.0
-9.432873280060365	-1.8032697320437232	1.0
7.478745330775281	-4.488206519540607	0.0
-7.784191403711051	-6.087166774253858	4.0
-7.798183183048768	-4.576542957101949	4.0
-6.1476988866645605	0.6765543959988028	2.0
-2.795439594533737	-3.7900857462975974	3.0
-8.732228335302235	-4.832336061525671	4.0
-8.133279149187478	-3.194671336969937	4.0
-6.5001888436546675	1.4053428409392041	2.0
-6.06297076889454	-5.336600241524861	3.0
-3.6802740606413598	0.6225915397118966	2.0
-8.096444055130616	-5.2150122595738155	4.0
-7.8324326079082605	-4.728149246151303	4.0
-7.298931906264965	-4.969891613796861	4.0
-7.351818097342638	-5.006183026946084	4.0
-10.620114112609127	-4.11025796940016	1.0
7.665871668599194	-6.011491826211163	0.0
-7.204337657514336	-4.851762236955381	4.0
-8.740924212624295	-6.651617069049779	4.0
-5.678563924473508	-3.930281858112859	3.0
-9.248817792445024	-2.806424844171271	1.0
-4.408147426625721	-4.844182346750987	3.0
-5.161034078484596	-3.6971573264916175	4.0
-9.199838623735348	-2.859788769026698	1.0
-6.22461420212791	-0.5588875446777521	2.0
-7.922113942330478	-5.586701583810844	4.0
7.1990709873343235	-5.740487795935103	0.0
-9.500553172868218	-4.933210616203016	4.0
6.183144523677952	-4.373182738238343	0.0
-8.346244836071769	-4.019778459615764	4.0
6.729470001207542	-6.079530419184949	0.0
-3.0609835105055834	-2.928569276691652	3.0
-5.292453184422119	-3.497960511346152	3.0
-4.230629385594133	-4.619849902578965	3.0
-4.016593362487016	-4.368426411898118	3.0
-4.346501119314329	0.9936928379892985	2.0
-3.363523535000061	-3.973659718740351	3.0
-4.396126187400531	-4.285931291208086	3.0
-8.735077656404739	-3.843962226885079	1.0
-5.891261997738025	0.9545844918103098	2.0
-3.588733595040561	-5.399656414715673	3.0
-9.721866359266958	-3.694044820499932	1.0
-2.812299870874832	-4.803902149365134	3.0
-8.75210715250794	-4.42549911513136	4.0
-7.887088887038772	-3.5014447853891353	1.0
-3.8003348361727367	-3.008639860126127	3.0
-3.7075145484524765	0.5648055939939666	2.0
7.56372947845194	-6.83348367385353	0.0
-8.838466546042971	-2.486359643970452	1.0
-7.923456857209925	-4.794454121709344	4.0
-6.758661805244312	-6.3829968634023935	4.0
-9.131519034906162	-5.104864111877445	1.0
6.62277825280066	-5.36567934862884	0.0
-3.484455792556566	0.22719950761561464	2.0
-8.030368635846619	-3.7513749162512493	4.0
-7.890274762610095	-1.4142062674588667	1.0
-9.865090792158785	-2.338750507149942	1.0
-9.77641993645479	-4.610375327127828	1.0
-7.816395395708573	-3.5876059571595693	4.0
-8.999203344988237	-2.0237688876996165	1.0
6.209404402248566	-5.790515395369075	0.0
4.83785667343452	-3.8287715348585283	0.0
-6.642303718849474	-6.346984500469275	4.0
-3.273042425738961	-5.422097691284111	3.0
-9.594886217751187	-2.5663333420053465	1.0
-3.783855377217677	-3.786753801649122	3.0
-7.089241776040284	-4.84776724114755	4.0
-9.181994850631204	-3.0404614939731034	1.0
-7.557345904434089	-3.349308603127617	1.0
-4.370037667089621	-2.968301855388487	3.0
-5.385638830448756	-0.7153815045727514	2.0
-5.322368885539472	1.1688714703783618	2.0
-10.092279748895676	-3.7364210533621747	1.0
7.509567174736527	-8.252450774957682	0.0
-8.250346785489516	-6.175138416698783	4.0
-8.703481736361224	-3.7185417007278536	4.0
-4.568688608942692	1.046998484749685	2.0
-7.607273502866788	-4.06670070822525	4.0
-3.9248213450615923	4.042189631668477	2.0
-10.699165920065157	-4.351028245381056	1.0
-9.290886665401048	-4.785894619467987	1.0
-2.461120707005713	-4.602969553586384	3.0
-7.667104291382097	-3.5733697246085767	4.0
8.66457802746486	-6.381301526524397	0.0
6.734395508460457	-4.148093857172292	0.0
-3.673044553808924	-4.321576969015906	3.0
-7.970444297158598	-4.721037741205398	4.0
-9.777962525120552	-1.4193156446695256	1.0
-4.291519327097681	2.2748232016935024	2.0
-4.788851932555776	-5.890374894019947	3.0
-3.9848942085861707	-3.0349343036614234	3.0
-3.6963962197353584	-3.5382545588790975	3.0
-5.941740943798461	1.05522399530401	2.0
-4.928760631996144	1.2176564542489272	2.0
-8.864644609414214	-3.3550757590618483	4.0
-9.251728186185973	-2.2008561386789607	1.0
-7.040738708381375	-1.8402309298947723	1.0
-7.824382314662105	-4.1712394147070615	4.0
-4.39051776576585	0.7217558197754451	2.0
-8.683444291929025	-4.559891453711911	4.0
6.726736527217778	-6.5991752582151415	0.0
7.703742592195098	-6.560567417908446	0.0
-7.611179866986854	-4.497472844328109	4.0
-3.4963354009921193	-4.276871178634704	3.0
-4.482965786943758	1.2016504989593608	2.0
-3.0624890889817555	0.3281127694149662	2.0
-8.817028638314296	-2.3108354065007752	1.0
-3.5939337520382324	-2.6388490077801534	3.0
-6.578569135159434	-4.852503440382993	4.0
-4.337121186794541	2.5131553994778733	2.0
-7.389066588692346	-3.2562829446231474	1.0
5.803510248930974	-6.4744020828630084	0.0
-5.41743601277118	-4.673829970876337	4.0
-4.15314979233066	-6.008192378226009	3.0
-6.161789923696917	-4.848528700372711	4.0
7.478802062074338	-6.850145588839026	0.0
-4.046051042257279	0.5162788095892679	2.0
-4.797198565444542	-4.588595441076674	3.0
6.280805969504975	-7.727493668182497	0.0
-8.72024783505533	-5.648039097075606	4.0
-4.229241232882502	-4.602093524290618	3.0
-9.813871056756005	-1.2750851817135946	1.0
5.580082693977161	-6.952495583394944	0.0
6.910346067765928	-7.2493109219541	0.0
7.046780379633671	-8.187058477028557	0.0
-1.222682655505543	-5.31758742774519	3.0
-4.958043058603959	-4.955072525985688	3.0
7.857285536359789	-6.663508098696277	0.0
-6.269258114761744	-2.673288600322995	3.0
7.582346067725311	-6.253144286582659	0.0
-4.451361256357074	-3.8970508206924457	3.0
-4.063674951437346	0.17148113836010465	2.0
-4.298468061870819	-4.020106974410524	3.0
-4.483216544533164	-3.6561468442576963	3.0
-8.053959454039516	-1.1648400444214861	1.0
-10.076036683045878	-4.712073420440788	4.0
-8.933346451862008	-3.0669739368936813	1.0
-6.430148702209636	-5.746134907232869	4.0
5.937462694084522	-6.136843417456577	0.0
-4.955833772235182	-0.36175412674061314	2.0
-5.583647759412152	-2.940754697463025	3.0
7.894012378579347	-7.2005051034857965	0.0
-9.427618610584094	-2.8658298779053566	1.0
-2.1565761437398536	-4.758483113214103	3.0
-4.190652390017135	-1.349374218285647	2.0
7.0619462507872095	-5.616660982242997	0.0
-5.3782561297639075	-4.192367094135211	4.0
-10.157903408336693	-3.706602111247907	1.0
-3.8840598261409207	0.052531086487276224	2.0
6.798316759761201	-6.80826463585555	0.0
-9.358744841274735	-5.223938364572204	4.0
-3.992739912574762	-3.0634732504907563	3.0
-3.4812191980925076	-3.9347209436792916	3.0
-3.9066415798681495	-4.968396748491407	3.0
7.715581251608558	-5.623812179470222	0.0
-8.48076903679537	-4.174047066557575	4.0
-8.09097116019203	-3.615304872262774	1.0
-3.04004545812934	-3.003888738218904	3.0
-7.841354616162992	-7.0951508949040765	4.0
7.31220745896783	-7.5349419931341135	0.0
-5.203168240461818	1.3974486211702295	2.0
-4.152161633172109	-6.235573110593035	3.0
-8.090911285088934	-3.2179067704299666	1.0
-4.342356606142241	1.0122144724304216	2.0
-4.773054943761836	-2.9608165883229134	3.0
-7.053854482762691	-3.4691025627578647	4.0
-8.808129035747596	-4.289158378789927	4.0
-5.857912577145934	-0.1626456059815904	2.0
-4.016039773601251	-3.422936201591967	3.0
-3.346576192613345	-4.966704035223168	3.0
-9.194840981126855	-1.2766736443597286	1.0
-7.040049312083356	-1.268604684919701	1.0
8.05408284182714	-7.019263579832804	0.0
-3.9564253792225292	-3.0276139013863013	3.0
-4.548073089463697	-3.6806197004082346	3.0
-6.887121784930118	-4.512749880867314	4.0
7.455262719701938	-6.326396716304546	0.0
-4.203139694062299	-0.5667876613407838	2.0
-3.761386153137331	-4.150726602759128	3.0
-4.388043408742891	1.1110796661715345	2.0
-3.613045566990213	-3.484964704429205	3.0
-4.724667497954772	-0.81982629283746	2.0
-4.105589514277839	-4.255769959662168	3.0
5.890752655615602	-4.992139126000369	0.0
-8.233928346373537	-5.957478823941576	4.0
-4.124487956973514	1.0347318600311837	2.0
-7.804987764193199	-4.418582191756935	4.0
5.63341698486029	-7.560883405382558	0.0
-3.954376467722468	1.7984388584656854	2.0
7.41855249019401	-5.841614214650671	0.0
-8.08570918157498	-5.272513922609257	4.0
-5.088697903658362	1.7148456513183967	2.0
6.9758254388578775	-6.912334118428979	0.0
-4.641146999026795	-4.581341493082219	3.0
-8.92204168004972	-1.1341942982499849	1.0
-4.46284325384551	1.067796030090705	2.0
5.854058046994082	-5.627620555977929	0.0
-4.3734554816396285	0.2123093663204938	2.0
-3.185170370692178	0.1653071835312871	2.0
5.320797419596051	-6.173342989308724	0.0
-7.086906158512011	-5.8498978742332834	4.0
-7.447417193440249	-4.249517431506751	4.0
-4.650380182204038	1.6218670364315688	2.0
-4.947966072030637	-5.996177583186427	3.0
-4.797006760956938	0.445124512135746	2.0
-4.013835833546477	2.0414837878827914	2.0
-5.05593793012856	-5.288816017391727	3.0
-6.202351291165357	-4.178408414754094	4.0
-10.292367396184025	-2.4869195879365256	1.0
-3.709654404497254	2.408893290318658	2.0
-2.4533593516536207	-3.27072151787984	3.0
-9.590991365904975	-2.510635236663302	1.0
-6.947959147166551	-0.2753116211218738	2.0
-8.53884276220862	-4.504962336149234	4.0
-9.799393126788871	-1.5434565454496507	1.0
6.272051140119491	-5.904904004338545	0.0
7.18865519293364	-6.981785669769808	0.0
-8.455801717812886	-2.4927354033585107	1.0
-7.577411247787207	-3.065618269945868	4.0
-5.099005440560897	-2.926692427450054	3.0
8.04222945407733	-6.476127556815579	0.0
8.099256741756077	-7.189498684486384	0.0
-3.714610330689702	-6.354193042703175	3.0
-2.87099617105071	-5.141045812081979	3.0
-5.127531747690784	0.5405924812288586	2.0
-4.503330516533006	-2.259332307041584	3.0
-5.52299053910485	-3.3177317146186884	3.0
6.422329098810379	-7.993696937208492	0.0
-4.43154576337822	-2.396720963434617	3.0
-3.9568862912904286	-3.356585362016546	3.0
-7.6251804736554085	-3.3706648967917836	1.0
-4.929203401942754	1.1764273922372062	2.0
-3.9736820350634185	-4.322920647476114	3.0
-8.373105958780254	-4.635508141832873	4.0
6.589532170174713	-7.155762212190777	0.0
-3.4266839579670605	-5.482623398968229	3.0
-4.20563986069148	1.3860187775652846	2.0
8.19139549624544	-7.089597992884302	0.0
-8.627905992192604	-3.140960378040739	1.0
-9.0804151883845	-2.832444154874852	1.0
-8.436742111353151	-4.633144378953602	4.0
-9.556582736590645	-1.9837498270625153	1.0
-3.0882049654252732	-1.9837652018197738	3.0
9.140007007988935	-5.186160362041728	0.0
7.658926338284861	-5.740888080321799	0.0
-6.11356831916334	0.08316765154078354	2.0
-3.98168476522313	-5.34799051660929	3.0
-7.882413257254356	-4.75162439960176	4.0
-6.017879457231484	-6.642496288614898	4.0
5.9283818788759906	-6.608531727924886	0.0
6.5972870250348015	-6.048937447739213	0.0
-9.058604096512106	-3.1238806120123823	1.0
-4.604984687717911	-0.2256925262178442	2.0
-8.000458213321247	-4.204757119743308	4.0
-8.433275669977572	-2.483084620539893	1.0
-3.5028496662189617	-4.086446835408681	3.0
-7.993105224905861	-1.9626040054851301	1.0
-8.018522878434961	-4.875286831542399	4.0
6.499410289967508	-6.437638161437102	0.0
-5.113670118762722	0.4604655906254942	2.0
-7.194101685948521	-1.690496232058613	1.0
-8.033331746015506	-6.1787292062090575	4.0
7.024678823224236	-7.473850192288407	0.0
6.545980130560691	-6.450526312002996	0.0
-6.0053989987534795	-4.1451008643874365	3.0
-5.291163522046702	-3.211042423146592	3.0
-10.056909810365733	-1.5862626073272021	1.0
-3.777570372355493	0.6864698457386262	2.0
-2.8165747355112165	-3.560546875834889	3.0
6.108080158378462	-5.029850899326669	0.0
-9.773478047784275	-2.841881516880002	1.0
-3.159853084603803	-5.328460592113785	3.0
-4.5953549350699845	-0.4015973728258089	2.0
-9.696312720846862	-2.501028004058873	1.0
-8.556621753436506	-2.5951201177669736	1.0
-8.235702445224932	-2.568171149658835	1.0
8.47291930773678	-5.1321494458927015	0.0
8.057115771551967	-6.305316295665729	0.0
-10.128484178923506	-1.4882744492645232	1.0
-4.595880619691705	-2.5720360790177876	3.0
-7.33202273568957	-5.0806642968879006	4.0
-3.544277227214195	-3.8989640091859488	3.0
-7.8043320218039405	-5.4892550454664075	4.0
7.780091119556186	-6.681385657675993	0.0
-8.475065623396857	-5.125794529119091	4.0
-4.627273814633302	2.4044966117626236	2.0
-3.279132766174019	-0.25876578679214024	2.0
-8.83050414563816	-5.601317517337053	4.0
-3.1371491639156366	-3.2507792814283283	3.0
-5.131394736612289	2.238981847255661	2.0
-3.9729228417864317	-4.6741406443560205	3.0
-6.182560630366855	0.7442257790715135	2.0
7.4894600922112735	-6.650400265245964	0.0
7.130772227890312	-6.412519520093066	0.0
-7.565568863984266	-6.113152234529417	4.0
-7.5522002141710125	-5.126578749097299	4.0
5.6922492832581995	-7.0363386038550955	0.0
-10.651677766459038	-3.247260640382853	1.0
-2.1451426605353885	-2.4046206954022407	3.0
-9.269700582634803	-5.353842314058608	4.0
-3.703709369678449	-3.5809127628758657	3.0
-7.963192942971505	-5.6059660454851805	4.0
-5.970750767602177	-7.04092350020219	4.0
-7.249361259081467	-3.9752232151926217	4.0
7.579539383911012	-7.420283579575172	0.0
-5.334980877165922	-2.9258231956734706	3.0
-3.0705143764075533	2.4634361124419675	2.0
-9.578759173636014	-2.6755550053157053	1.0
-3.7439855651845733	0.40618511571657534	2.0
-4.157131508341574	-3.7351311123523896	3.0
-2.8619533893731792	-3.860152095087602	3.0
-3.6495465841820645	-0.8383293165412691	2.0
-3.7453122468787248	-4.801021125683188	3.0
6.024381493698726	-5.766242878886005	0.0
6.775759406849017	-6.066884728565398	0.0
6.672930773379437	-6.533524267993531	0.0
6.769181916924837	-5.951137141181068	0.0
6.79114796445274	-8.105073071565966	0.0
-9.18589028197082	-6.85179059760901	4.0
4.989233825598263	-6.514136762668158	0.0
-4.048132999404655	-5.650641255656478	3.0
-9.868540414131644	-3.974039951484861	4.0
-8.412011900715537	-4.489900729670808	4.0
-3.481182858345985	1.5295753163776626	2.0
-3.2136771400574795	1.6377083655317761	2.0
-7.684331520407277	-5.797710250630023	4.0
-9.049038568221837	-3.0308533113824674	1.0
-5.0929737833281346	0.6950455799380602	2.0
-7.675005821639913	-3.68563026003544	1.0
-7.616104199986021	-6.040235583229141	4.0
-4.216897646833633	-3.374318934966775	3.0
-4.395649240685579	-3.887765747453563	3.0
-4.36199341160052	-6.123356800285936	3.0
-7.986974109596782	-4.712417581317686	4.0
-3.85902507808805	0.4379053757896942	2.0
-4.575723874551376	-2.7910126030760685	3.0
-3.9733067971868143	-4.300703920419143	3.0
-7.341124412731966	-4.99474652434009	4.0
7.325356523278544	-8.280594662300238	0.0
5.447948950710999	-8.291574985801349	0.0
-8.239428422411205	-2.7101148640189545	1.0
-3.467681584575262	-4.627621778429851	3.0
-9.678855360958558	-4.328845436034016	4.0
-10.180495667416297	-3.263125414707433	1.0
-7.728725790298475	-1.9984961203888758	1.0
-4.334865755002768	-5.5792603163966294	3.0
-10.03426353778709	-2.5776118098336602	1.0
-8.465859340707636	-6.083383632285288	4.0
-9.013615755378593	-2.6875152330964123	1.0
-4.565752064317623	-3.7116368557290276	3.0
-9.332949807814346	-2.6754532896895027	1.0
-5.8274423049125215	1.7736070534830064	2.0
8.084644719137746	-7.0078268755399105	0.0
-9.289278309736495	-2.7625971683847177	1.0
-9.34194987496107	-4.7485044062945905	4.0
-8.435877636825909	-4.117179609943539	1.0
-9.513978468911086	-2.646567954440174	1.0
-10.559756351011206	-3.8566869338314747	1.0
-7.056892642226057	-5.676889310644098	4.0
-3.606604411285446	-0.2966334694625541	2.0
9.165913648039531	-6.232274428308726	0.0
5.558334047919182	-6.1135983824977025	0.0
-3.8864343707158713	1.7282527633262945	2.0
-9.076069427078211	-5.208283356795908	4.0
7.093267425294419	-5.552871624228096	0.0
-7.596341368747713	-5.309079978462746	4.0
7.0648128128469	-6.8945971629862575	0.0
-3.6501101431406386	-0.41116066471241	2.0
-2.463630185088895	1.1229116657931502	2.0
-4.472171501357853	1.7269998844590946	2.0
-7.844040463507054	-5.971202204297707	4.0
-7.9141637850860285	-6.429189469341269	4.0
-7.892185455475778	-2.9065306166515845	1.0
-7.607156477645836	-2.7749924891598656	1.0
7.999366038532588	-6.45430198864563	0.0
7.098044423911729	-7.559518787674943	0.0
-8.016003228429286	-5.193782084139392	4.0
-8.537867004691627	-5.8647083208815305	4.0
-3.465976596778565	-3.5739916210094846	3.0
-8.227501242810487	-4.947334001673756	4.0
-4.012134754715349	0.6295838164182522	2.0
-3.2536149897509152	1.5371281406570754	2.0
-8.436410859970227	-1.9594071174356582	1.0
7.615038509653105	-4.72329432590379	0.0
-8.672928745350722	-1.1150167206424566	1.0
-4.373962452000191	-3.6646582488329313	3.0
-8.708720341948021	-2.6557771687364786	1.0
7.153362195359445	-7.073515408916626	0.0
-4.304453778933927	-3.763538805677685	3.0
-4.204610327102246	0.9086498749920118	2.0
-8.016904947384774	-4.8065137615788895	4.0
-5.302728904926421	2.3052015379908415	2.0
-7.959753799430447	-6.094847091521303	4.0
6.668039483893815	-4.692393471770815	0.0
-8.731437154301236	-5.083902436135889	4.0
-3.999973383638922	-2.3445333742740697	3.0
-1.2369901118827276	-5.22270166707024	3.0
-5.840578396568052	-4.853459526800217	4.0
-8.47340185923609	-4.417197893996716	4.0
-3.2352105405051166	-3.809739208423712	3.0
5.398423325609382	-7.3165090749562856	0.0
-9.69529366076696	-1.1716223437668112	1.0
-5.264126748322929	1.1480639354111268	2.0
-7.97737541353329	-1.2985474199244136	1.0
-8.237715100595429	-3.544754603881225	1.0
-9.100837838461908	-3.1851905010351085	1.0
8.195952926741926	-7.033371071231242	0.0
-5.812515234729485	1.7132029632792547	2.0
7.967843578579801	-6.2298387313891785	0.0
-4.6244984441172035	0.9760974066853039	2.0
7.758233824414547	-5.776018846665037	0.0
-8.080522730177153	-4.448385064056673	4.0
-7.780904253835072	-3.2176710338767935	1.0
5.526210727434337	-8.115988462966927	0.0
-8.977256788235284	-2.848053482008538	1.0
-4.134445758282988	-2.8312608857801576	3.0
-8.983268444395723	-4.490143439048685	4.0
-10.047052134706556	-2.310244228793368	1.0
8.175997069189341	-5.73432881044776	0.0
-6.665758102181471	-3.451731706835938	4.0
-7.332743978082763	-5.933847226874306	4.0
5.164608678186061	-7.9203887114018325	0.0
-8.974616801213168	-4.851506899019909	4.0
-9.273422326455773	-2.437996530947447	1.0
-7.86261296983111	-5.825474075662706	4.0
-6.918118798301367	-6.1085554269656015	4.0
-3.9785289878335224	0.2457248121333881	2.0
-10.831844526634324	-2.7733882344554948	1.0
-7.541354873751147	-0.9495816666945049	1.0
6.8983789493737975	-7.20130226841786	0.0
-4.775146234635739	0.45336480125276984	2.0
9.15144709949875	-5.123060288415965	0.0
-3.641625744514191	-4.720505809931624	3.0
-2.871135950678398	0.42208313872800063	2.0
-3.6015901591390795	0.18615080224193575	2.0
-6.170214346087547	0.8344574576516918	2.0
-3.4841326865592364	-3.5266094495473164	3.0
8.58076976995206	-6.5834663824456054	0.0
-9.211161538817812	-2.061617185722444	1.0
-7.878712260811381	-2.7282644165264824	1.0
-2.8354020205931914	-2.5025489316292875	3.0
6.69354841130986	-7.142300446501997	0.0
-3.9855284108271585	-0.5978732630617882	2.0
-2.8694007797176018	-3.582072786975769	3.0
-6.314374849813998	-5.533475165588789	4.0
-7.692444146001077	-3.85869405865416	4.0
-4.203703441431329	0.6424792280774109	2.0
-3.4223678879446884	1.691663154711624	2.0
-3.3199282288291903	-6.109068098360924	3.0
-3.6249583429018957	0.11710103814328704	2.0
